[gd_scene load_steps=8 format=3 uid="uid://cs6vnuiljtmct"]

[ext_resource type="Script" path="res://addons/smoothing/smoothing.gd" id="1_mf57j"]
[ext_resource type="Script" path="res://Prototype/GameCamera.gd" id="1_wx0wr"]
[ext_resource type="Script" path="res://Prototype/HexGrid.gd" id="2_xbiya"]

[sub_resource type="ProceduralSkyMaterial" id="ProceduralSkyMaterial_ypriw"]
sky_horizon_color = Color(0.223529, 0.517647, 0.670588, 1)
sky_curve = 0.197926
ground_bottom_color = Color(0.411765, 0.658824, 0.682353, 1)
ground_horizon_color = Color(0.545098, 0.556863, 0.588235, 1)
ground_curve = 1.07635

[sub_resource type="Sky" id="Sky_l7vq8"]
sky_material = SubResource("ProceduralSkyMaterial_ypriw")

[sub_resource type="Environment" id="Environment_0glof"]
background_mode = 2
sky = SubResource("Sky_l7vq8")
ambient_light_source = 3

[sub_resource type="CapsuleMesh" id="CapsuleMesh_6ig6y"]

[node name="HexGridPrototyping" type="Node3D"]

[node name="CameraPivot" type="Node3D" parent="."]
transform = Transform3D(1, 0, 0, 0, 0.866025, -0.5, 0, 0.5, 0.866025, 0, 0, 0)
script = ExtResource("1_wx0wr")

[node name="Smoothing" type="Node3D" parent="CameraPivot"]
script = ExtResource("1_mf57j")

[node name="Camera3D" type="Camera3D" parent="CameraPivot/Smoothing"]
transform = Transform3D(1, 0, 0, 0, -4.37114e-08, 1, 0, -1, -4.37114e-08, 0, 3, 0)

[node name="WorldEnvironment" type="WorldEnvironment" parent="."]
environment = SubResource("Environment_0glof")

[node name="MeshInstance3D" type="MeshInstance3D" parent="."]
transform = Transform3D(1, 0, 0, 0, 0.655558, 0.755145, 0, -0.755145, 0.655558, 11.2984, 0, 22.8003)
mesh = SubResource("CapsuleMesh_6ig6y")

[node name="DirectionalLight3D" type="DirectionalLight3D" parent="."]
transform = Transform3D(-0.0146024, 0.827169, -0.561764, 0.021494, 0.561953, 0.82689, 0.999662, 5.58982e-09, -0.025985, -2.62206, 4.09464, 0)

[node name="TileGrid" type="Node3D" parent="."]
script = ExtResource("2_xbiya")
